   1   266.0 247.8
   2   256.0 231.8
   3   246.9 232.1
   5   238.8 234.0
   7   230.3 231.4
  10   226.4 222.9
  20   218.2 220.2
  30   212.3 217.1
  50   208.8 215.0
  70   198.7 215.3
 100   195.5 215.9
 125   196.6 217.1
 150   204.3 216.5
 175   212.8 212.3
 200   220.0 209.6
 225   226.4 212.1
 250   232.2 216.3
 300   241.9 225.7
 350   250.4 234.0
 400   257.5 241.6
 450   263.9 248.1
 500   268.7 253.2
 550   272.0 257.6
 600   275.2 261.6
 650   278.9 265.2
 700   282.3 268.5
 750   285.3 271.1
 775   286.8 271.8
 800   288.1 272.8
 825   289.5 274.1
 850   291.0 275.9
 875   292.0 278.0
 900   292.5 280.0
 925   293.4 281.8
 950   294.9 282.7
 975   296.6 282.6
1000   298.8 283.4
